r_b = 222.247;
r_m = 42;
l = 400;