<?xml version="1.0" encoding="UTF-8" standalone="no" ?>
<SimscapeMultibodyImportXML version="2.0" xmlns="urn:mathworks:SimscapeMultibody:import" xmlns:xsi="http://www.w3.org/2001/XMLSchema-instance">
<Created by="sekollegger" on="05/22/23||15:04:28" using="Simscape Multibody Link Version 7.4" from="Autodesk Inventor 2021 (Build 250183000. 183)"/>
<ModelUnits mass="kilogram" length="millimeter"/>
<DataUnits mass="kilogram" length="centimeter"/>
<RootAssembly name="Delta_Manipulator_2023.iam" uid="Delta_Manipulator_2023.iam_{844AEFC3-42DD-9FFF-19EB-D1AD962136C0}" version="{DB7E907B-3AC2-863A-D876-24686F3CF923}">
<AssemblyFile name="Delta_Manipulator_2023.iam" type="Inventor Assembly"/>
<InstanceTree>
<Instance name="Fixed_PlattformSimplyfied:1" grounded="true" uid="Fixed_PlattformSimplyfied:1" entityUid="Fixed_PlattformSimplyfied.ipt_{FB457120-4028-8FB3-8099-70BF2B8F0060}">
<Transform>
<Rotation>1 0 0 0 1 0 0 0 1</Rotation>
<Translation>0 0 0</Translation>
</Transform>
</Instance>
<Instance name="SliderSimplyfied:1" uid="SliderSimplyfied:1" entityUid="SliderSimplyfied.ipt_{AEC1E690-4B29-2011-05F8-1D814A4ED234}">
<Transform>
<Rotation>-0.50000000000000555 -0.6123724356957968 0.61237243569579924 0.86602540378443904 -0.35355339059327762 0.35355339059328389 -2.8880386660839617e-15 0.7071067811865499 0.70710678118655734</Rotation>
<Translation>-19.541079985508567 -11.282047769124038 -12.548662676140973</Translation>
</Transform>
</Instance>
<Instance name="SliderSimplyfied:2" uid="SliderSimplyfied:2" entityUid="SliderSimplyfied.ipt_{AEC1E690-4B29-2011-05F8-1D814A4ED234}">
<Transform>
<Rotation>-0.50000000078749318 0.61237243537430897 -0.61237243537430563 -0.86602540332977973 -0.35355339115011691 0.35355339115010992 -2.3370557513667028e-15 0.70710678118655046 0.70710678118654324</Rotation>
<Translation>19.541079965141119 -11.282047804401564 -12.548662676140884</Translation>
</Transform>
</Instance>
<Instance name="SliderSimplyfied:3" uid="SliderSimplyfied:3" entityUid="SliderSimplyfied.ipt_{AEC1E690-4B29-2011-05F8-1D814A4ED234}">
<Transform>
<Rotation>0.99999999999999989 5.3733205353868381e-10 -5.3733042396166414e-10 -7.5990123697985396e-10 0.70710678118654524 -0.70710678118654668 -1.0406323086709892e-15 0.70710678118654635 0.7071067811865458</Rotation>
<Translation>1.8757762815169545e-08 22.564095569396009 -12.548662676140861</Translation>
</Transform>
</Instance>
<Instance name="ArmSimplyfied:1" uid="ArmSimplyfied:1" entityUid="ArmSimplyfied.ipt_{01B7AC3B-40B0-C8C4-56E0-5DB8A1B5D782}">
<Transform>
<Rotation>0.71024864480104599 -0.70395089499074981 -3.842285101196552e-10 0.62842915967397472 0.63405127028200714 -0.45061710789231613 0.31721231664255972 0.32005018996322387 0.89271732484295663</Rotation>
<Translation>3.9500000108152773 13.212342153578481 9.8453093559359868</Translation>
</Transform>
</Instance>
<Instance name="ArmSimplyfied:2" uid="ArmSimplyfied:2" entityUid="ArmSimplyfied.ipt_{01B7AC3B-40B0-C8C4-56E0-5DB8A1B5D782}">
<Transform>
<Rotation>0.90032317590290956 0.192681979896624 0.39024586295720798 -0.2962954998837547 0.92814063183516082 0.2253085535111008 -0.31879014363799724 -0.31847860549767798 0.89271732489042688</Rotation>
<Translation>-9.4672239572303507 -10.02697141636575 9.8453093568853429</Translation>
</Transform>
</Instance>
<Instance name="ArmSimplyfied:3" uid="ArmSimplyfied:3" entityUid="ArmSimplyfied.ipt_{01B7AC3B-40B0-C8C4-56E0-5DB8A1B5D782}">
<Transform>
<Rotation>0.90032317586946831 0.19268197986321603 0.39024586305085401 -0.29629549990306209 0.92814063181587247 0.22530855356516657 -0.31879014371449632 -0.31847860557410163 0.89271732483584454</Rotation>
<Translation>-13.417223955357473 -3.1853707253873575 9.8453093557936651</Translation>
</Transform>
</Instance>
<Instance name="ArmSimplyfied:4" uid="ArmSimplyfied:4" entityUid="ArmSimplyfied.ipt_{01B7AC3B-40B0-C8C4-56E0-5DB8A1B5D782}">
<Transform>
<Rotation>-0.71024864480104588 0.70395089499075003 -3.8443767613749458e-10 -0.62842915965900226 -0.63405127026703434 -0.45061710793426446 -0.31721231667222199 -0.32005018999288609 0.89271732482178234</Rotation>
<Translation>-3.9499999891889064 13.212342158742741 9.8453093555124944</Translation>
</Transform>
</Instance>
<Instance name="ArmSimplyfied:5" uid="ArmSimplyfied:5" entityUid="ArmSimplyfied.ipt_{01B7AC3B-40B0-C8C4-56E0-5DB8A1B5D782}">
<Transform>
<Rotation>-0.30219036658214193 -0.86970635798010143 -0.39024586254557331 0.88453981428100559 -0.40844261812577815 0.22530855432114399 -0.35534532401127045 -0.27710192815559331 0.89271732486592748</Rotation>
<Translation>13.417223948360554 -3.1853707470740007 9.84530935639539</Translation>
</Transform>
</Instance>
<Instance name="ArmSimplyfied:6" uid="ArmSimplyfied:6" entityUid="ArmSimplyfied.ipt_{01B7AC3B-40B0-C8C4-56E0-5DB8A1B5D782}">
<Transform>
<Rotation>-0.30219036660275694 -0.86970635800071705 -0.39024586248366566 0.88453981429290818 -0.40844261811387539 0.22530855429599334 -0.35534532396411089 -0.27710192810843398 0.89271732489933764</Rotation>
<Translation>9.4672239433775101 -10.02697143388227 9.8453093570635701</Translation>
</Transform>
</Instance>
<Instance name="Moving_PlattformSimplyfied:1" uid="Moving_PlattformSimplyfied:1" entityUid="Moving_PlattformSimplyfied.ipt_{B4DD3D57-45B7-1296-75AE-AE8BF4BB7DEA}">
<Transform>
<Rotation>-5.4750189097507302e-10 1.0720914791298031e-10 1 -1 -2.572294536505969e-10 -5.4750189094749565e-10 2.572294535918997e-10 -1 1.0720914805381392e-10</Rotation>
<Translation>7.6687078352136827e-10 -1.9509268645023781e-09 28.299655853452126</Translation>
</Transform>
</Instance>
</InstanceTree>
<Constraints>
<Coincident name="Passend:1">
<ConstraintGeometry geomType="cylinder">
<InstancePath>
<Uid>SliderSimplyfied:1</Uid>
</InstancePath>
<Position>1.9999999999999987 -0.8999999999999968 -3.5499999999999545</Position>
<Axis>1.1563090925581247e-15 -5.5511151231257827e-16 -0.99999999999998668</Axis>
</ConstraintGeometry>
<ConstraintGeometry geomType="cylinder">
<InstancePath>
<Uid>Fixed_PlattformSimplyfied:1</Uid>
</InstancePath>
<Position>-7.3138353744791402 -1.9132437247402401 1.4520515913530201</Position>
<Axis>-0.61237243569579314 -0.35355339059327506 -0.70710678118654813</Axis>
</ConstraintGeometry>
</Coincident>
<Coincident name="Passend:2">
<ConstraintGeometry geomType="cylinder">
<InstancePath>
<Uid>SliderSimplyfied:1</Uid>
</InstancePath>
<Position>-1.9999999999999907 -0.8999999999999968 -3.5499999999999545</Position>
<Axis>-1.1563090925581247e-15 5.5511151231257827e-16 0.99999999999998668</Axis>
</ConstraintGeometry>
<ConstraintGeometry geomType="cylinder">
<InstancePath>
<Uid>Fixed_PlattformSimplyfied:1</Uid>
</InstancePath>
<Position>-5.3138353744791305 -5.3773453398779907 1.4520515913530201</Position>
<Axis>-0.61237243569579314 -0.35355339059327506 -0.70710678118654813</Axis>
</ConstraintGeometry>
</Coincident>
<Coincident name="Passend:4">
<ConstraintGeometry geomType="cylinder">
<InstancePath>
<Uid>SliderSimplyfied:3</Uid>
</InstancePath>
<Position>2.0000000000000013 -0.90000000000000302 -3.5500000000000078</Position>
<Axis>1.5790067337721129e-16 1.1102230246251565e-16 -1.0000000000000018</Axis>
</ConstraintGeometry>
<ConstraintGeometry geomType="cylinder">
<InstancePath>
<Uid>Fixed_PlattformSimplyfied:1</Uid>
</InstancePath>
<Position>2.0000000071514203 7.2905890942464495 1.45205159135309</Position>
<Axis>5.3733058577293004e-10 0.70710678118654802 -0.70710678118654702</Axis>
</ConstraintGeometry>
</Coincident>
<Coincident name="Passend:5">
<ConstraintGeometry geomType="cylinder">
<InstancePath>
<Uid>Fixed_PlattformSimplyfied:1</Uid>
</InstancePath>
<Position>-1.9999999928485801 7.290589097286051 1.45205159135309</Position>
<Axis>5.3733058577293004e-10 0.70710678118654802 -0.70710678118654702</Axis>
</ConstraintGeometry>
<ConstraintGeometry geomType="cylinder">
<InstancePath>
<Uid>SliderSimplyfied:3</Uid>
</InstancePath>
<Position>-2 -0.90000000000000302 -3.5500000000000043</Position>
<Axis>-1.5790067337721129e-16 -1.1102230246251565e-16 1.0000000000000018</Axis>
</ConstraintGeometry>
</Coincident>
<Coincident name="Passend:7">
<ConstraintGeometry geomType="cylinder">
<InstancePath>
<Uid>SliderSimplyfied:2</Uid>
</InstancePath>
<Position>2.0000000000000151 -0.90000000000001545 -3.5500000000000114</Position>
<Axis>5.0291981549514299e-15 -6.3282712403633923e-15 -1.0000000000000024</Axis>
</ConstraintGeometry>
<ConstraintGeometry geomType="cylinder">
<InstancePath>
<Uid>Fixed_PlattformSimplyfied:1</Uid>
</InstancePath>
<Position>5.3138353594808203 -5.3773453622184499 1.45205159135307</Position>
<Axis>0.61237243537430497 -0.35355339115011503 -0.70710678118654502</Axis>
</ConstraintGeometry>
</Coincident>
<Coincident name="Passend:8">
<ConstraintGeometry geomType="cylinder">
<InstancePath>
<Uid>SliderSimplyfied:2</Uid>
</InstancePath>
<Position>-1.9999999999999813 -0.90000000000001901 -3.5500000000000114</Position>
<Axis>-5.0291981549514299e-15 6.3282712403633923e-15 1.0000000000000024</Axis>
</ConstraintGeometry>
<ConstraintGeometry geomType="cylinder">
<InstancePath>
<Uid>Fixed_PlattformSimplyfied:1</Uid>
</InstancePath>
<Position>7.3138353626307904 -1.9132437488993301 1.4520515913530803</Position>
<Axis>0.61237243537430497 -0.35355339115011503 -0.70710678118654502</Axis>
</ConstraintGeometry>
</Coincident>
<Coincident name="Passend:10">
<ConstraintGeometry geomType="sphere">
<InstancePath>
<Uid>ArmSimplyfied:6</Uid>
</InstancePath>
<Position>0 -8.8817841970012523e-16 -20.000000000000099</Position>
<Axis>0 0 0</Axis>
</ConstraintGeometry>
<ConstraintGeometry geomType="sphere">
<InstancePath>
<Uid>SliderSimplyfied:2</Uid>
</InstancePath>
<Position>3.949999999999994 2.9700000000000015 3.4500000000000064</Position>
<Axis>0 0 0</Axis>
</ConstraintGeometry>
</Coincident>
<Coincident name="Passend:11">
<ConstraintGeometry geomType="sphere">
<InstancePath>
<Uid>ArmSimplyfied:5</Uid>
</InstancePath>
<Position>0 0 -20.000000000000099</Position>
<Axis>0 0 0</Axis>
</ConstraintGeometry>
<ConstraintGeometry geomType="sphere">
<InstancePath>
<Uid>SliderSimplyfied:2</Uid>
</InstancePath>
<Position>-3.9500000000000037 2.9700000000000033 3.4500000000000099</Position>
<Axis>0 0 0</Axis>
</ConstraintGeometry>
</Coincident>
<Coincident name="Passend:12">
<ConstraintGeometry geomType="sphere">
<InstancePath>
<Uid>ArmSimplyfied:1</Uid>
</InstancePath>
<Position>0 1.7763568394002505e-15 -20.000000000000099</Position>
<Axis>0 0 0</Axis>
</ConstraintGeometry>
<ConstraintGeometry geomType="sphere">
<InstancePath>
<Uid>SliderSimplyfied:3</Uid>
</InstancePath>
<Position>3.9500000000000011 2.9700000000000051 3.4500000000000099</Position>
<Axis>0 0 0</Axis>
</ConstraintGeometry>
</Coincident>
<Coincident name="Passend:13">
<ConstraintGeometry geomType="sphere">
<InstancePath>
<Uid>ArmSimplyfied:4</Uid>
</InstancePath>
<Position>-1.7763568394002505e-15 1.7763568394002505e-15 -20.000000000000096</Position>
<Axis>0 0 0</Axis>
</ConstraintGeometry>
<ConstraintGeometry geomType="sphere">
<InstancePath>
<Uid>SliderSimplyfied:3</Uid>
</InstancePath>
<Position>-3.9500000000000011 2.9700000000000033 3.4500000000000064</Position>
<Axis>0 0 0</Axis>
</ConstraintGeometry>
</Coincident>
<Coincident name="Passend:14">
<ConstraintGeometry geomType="sphere">
<InstancePath>
<Uid>ArmSimplyfied:3</Uid>
</InstancePath>
<Position>-1.7763568394002505e-15 1.7763568394002505e-15 -20.000000000000096</Position>
<Axis>0 0 0</Axis>
</ConstraintGeometry>
<ConstraintGeometry geomType="sphere">
<InstancePath>
<Uid>SliderSimplyfied:1</Uid>
</InstancePath>
<Position>3.9499999999999877 2.96999999999999 3.4499999999999531</Position>
<Axis>0 0 0</Axis>
</ConstraintGeometry>
</Coincident>
<Coincident name="Passend:15">
<ConstraintGeometry geomType="sphere">
<InstancePath>
<Uid>ArmSimplyfied:2</Uid>
</InstancePath>
<Position>-3.5527136788005009e-15 1.7763568394002505e-15 -20.000000000000092</Position>
<Axis>0 0 0</Axis>
</ConstraintGeometry>
<ConstraintGeometry geomType="sphere">
<InstancePath>
<Uid>SliderSimplyfied:1</Uid>
</InstancePath>
<Position>-3.9499999999999877 2.9699999999999882 3.4499999999999531</Position>
<Axis>0 0 0</Axis>
</ConstraintGeometry>
</Coincident>
<Coincident name="Passend:16">
<ConstraintGeometry geomType="sphere">
<InstancePath>
<Uid>Moving_PlattformSimplyfied:1</Uid>
</InstancePath>
<Position>-4.2000000000000002 0.60000000000000142 3.9499999999999997</Position>
<Axis>0 0 0</Axis>
</ConstraintGeometry>
<ConstraintGeometry geomType="sphere">
<InstancePath>
<Uid>ArmSimplyfied:1</Uid>
</InstancePath>
<Position>0 1.7763568394002505e-15 20.000000000000103</Position>
<Axis>0 0 0</Axis>
</ConstraintGeometry>
</Coincident>
<Coincident name="Passend:17">
<ConstraintGeometry geomType="sphere">
<InstancePath>
<Uid>Moving_PlattformSimplyfied:1</Uid>
</InstancePath>
<Position>-4.2000000000000002 0.60000000000000142 -3.9500000000000006</Position>
<Axis>0 0 0</Axis>
</ConstraintGeometry>
<ConstraintGeometry geomType="sphere">
<InstancePath>
<Uid>ArmSimplyfied:4</Uid>
</InstancePath>
<Position>0 0 20.000000000000096</Position>
<Axis>0 0 0</Axis>
</ConstraintGeometry>
</Coincident>
<Coincident name="Passend:18">
<ConstraintGeometry geomType="sphere">
<InstancePath>
<Uid>Moving_PlattformSimplyfied:1</Uid>
</InstancePath>
<Position>-1.3208003449485402 0.60000000000000142 5.6123066958946604</Position>
<Axis>0 0 0</Axis>
</ConstraintGeometry>
<ConstraintGeometry geomType="sphere">
<InstancePath>
<Uid>ArmSimplyfied:5</Uid>
</InstancePath>
<Position>-1.7763568394002505e-15 0 20.000000000000099</Position>
<Axis>0 0 0</Axis>
</ConstraintGeometry>
</Coincident>
<Coincident name="Passend:19">
<ConstraintGeometry geomType="sphere">
<InstancePath>
<Uid>ArmSimplyfied:6</Uid>
</InstancePath>
<Position>-1.7763568394002505e-15 -8.8817841970012523e-16 20.000000000000099</Position>
<Axis>0 0 0</Axis>
</ConstraintGeometry>
<ConstraintGeometry geomType="sphere">
<InstancePath>
<Uid>Moving_PlattformSimplyfied:1</Uid>
</InstancePath>
<Position>5.52080034494697 0.60000000000000142 1.6623066958955601</Position>
<Axis>0 0 0</Axis>
</ConstraintGeometry>
</Coincident>
<Coincident name="Passend:20">
<ConstraintGeometry geomType="sphere">
<InstancePath>
<Uid>Moving_PlattformSimplyfied:1</Uid>
</InstancePath>
<Position>5.5208003449485297 0.59999999999999787 -1.66230669589465</Position>
<Axis>0 0 0</Axis>
</ConstraintGeometry>
<ConstraintGeometry geomType="sphere">
<InstancePath>
<Uid>ArmSimplyfied:2</Uid>
</InstancePath>
<Position>1.7763568394002505e-15 1.7763568394002505e-15 20.000000000000092</Position>
<Axis>0 0 0</Axis>
</ConstraintGeometry>
</Coincident>
<Coincident name="Passend:21">
<ConstraintGeometry geomType="sphere">
<InstancePath>
<Uid>ArmSimplyfied:3</Uid>
</InstancePath>
<Position>-1.7763568394002505e-15 0 20.000000000000099</Position>
<Axis>0 0 0</Axis>
</ConstraintGeometry>
<ConstraintGeometry geomType="sphere">
<InstancePath>
<Uid>Moving_PlattformSimplyfied:1</Uid>
</InstancePath>
<Position>-1.3208003449485304 0.59999999999999787 -5.6123066958946506</Position>
<Axis>0 0 0</Axis>
</ConstraintGeometry>
</Coincident>
<Angle name="Winkel:1">
<ConstraintGeometry geomType="cone">
<InstancePath>
<Uid>ArmSimplyfied:4</Uid>
</InstancePath>
<Position>0.37123106012293761 -0.37123106012294116 -20.000000000000099</Position>
<Axis>0.70710678118654802 -0.70710678118654702 0</Axis>
</ConstraintGeometry>
<ConstraintGeometry geomType="cone">
<InstancePath>
<Uid>ArmSimplyfied:1</Uid>
</InstancePath>
<Position>-0.37123106012293761 0.37123106012293938 -20.000000000000099</Position>
<Axis>-0.70710678118654802 0.70710678118654724 0</Axis>
</ConstraintGeometry>
</Angle>
<Angle name="Winkel:2">
<ConstraintGeometry geomType="cone">
<InstancePath>
<Uid>ArmSimplyfied:3</Uid>
</InstancePath>
<Position>-0.37123106012293761 0.37123106012293761 -20.000000000000099</Position>
<Axis>-0.70710678118654802 0.70710678118654691 0</Axis>
</ConstraintGeometry>
<ConstraintGeometry geomType="cone">
<InstancePath>
<Uid>ArmSimplyfied:2</Uid>
</InstancePath>
<Position>-0.37123106012294116 0.37123106012293938 -20.000000000000089</Position>
<Axis>-0.70710678118654791 0.70710678118654713 0</Axis>
</ConstraintGeometry>
</Angle>
<Angle name="Winkel:3">
<ConstraintGeometry geomType="cone">
<InstancePath>
<Uid>ArmSimplyfied:6</Uid>
</InstancePath>
<Position>-0.37123106012293938 0.37123106012293672 -20.000000000000099</Position>
<Axis>-0.70710678118654802 0.70710678118654691 0</Axis>
</ConstraintGeometry>
<ConstraintGeometry geomType="cone">
<InstancePath>
<Uid>ArmSimplyfied:5</Uid>
</InstancePath>
<Position>-0.37123106012293938 0.37123106012293761 -20.000000000000099</Position>
<Axis>-0.70710678118654802 0.70710678118654691 0</Axis>
</ConstraintGeometry>
</Angle>
</Constraints>
<Joints>
</Joints>
</RootAssembly>
<Assemblies>
</Assemblies>
<Parts>
<Part name="ArmSimplyfied.ipt" uid="ArmSimplyfied.ipt_{01B7AC3B-40B0-C8C4-56E0-5DB8A1B5D782}" version="{B72F44AD-D59C-ECCF-2EA8-B0A89670292A}">
<PartFile name="ArmSimplyfied.ipt" type="Inventor Part"/>
<MassProperties>
<Mass>0.021996072835586342</Mass>
<CenterOfMass>2.4164065850978659e-05 -0.00017000806962633167 -0.012758650281916889</CenterOfMass>
<Inertia>5.4285768588315122 5.4285778995429768 0.0092817510634738368 -3.0699316274173536e-05 2.8531807640391394e-06 -0.0027709129977951754</Inertia>
</MassProperties>
<GeometryFile name="ArmSimplyfied_ipt_f3587676.STEP" type="STEP"/>
<VisualProperties>
<Ambient r="0.74901960784313726" g="0.74901960784313726" b="0.74901960784313726" a="1"/>
<Diffuse r="0.74901960784313726" g="0.74901960784313726" b="0.74901960784313726" a="1"/>
<Specular r="0" g="0" b="0" a="1"/>
<Emissive r="0" g="0" b="0" a="1"/>
<Shininess>0.14999999999999999</Shininess>
</VisualProperties>
</Part>
<Part name="Fixed_PlattformSimplyfied.ipt" uid="Fixed_PlattformSimplyfied.ipt_{FB457120-4028-8FB3-8099-70BF2B8F0060}" version="{DD2BF239-EC38-4D1B-D902-8141F1DA5A32}">
<PartFile name="Fixed_PlattformSimplyfied.ipt" type="Inventor Part"/>
<MassProperties>
<Mass>3.6238400071829564</Mass>
<CenterOfMass>-2.4836197390391122e-05 0.00060781176491109614 -16.997282701544815</CenterOfMass>
<Inertia>1513.2180395838554 1513.5891870492123 2609.7918141049945 0.019707952438475972 -0.00029210501578962657 0.0020498304139355138</Inertia>
</MassProperties>
<GeometryFile name="Fixed_PlattformSimplyfied_ipt_bd7c4fd3.STEP" type="STEP"/>
<VisualProperties>
<Ambient r="0.74901960784313726" g="0.74901960784313726" b="0.74901960784313726" a="1"/>
<Diffuse r="0.74901960784313726" g="0.74901960784313726" b="0.74901960784313726" a="1"/>
<Specular r="0" g="0" b="0" a="1"/>
<Emissive r="0" g="0" b="0" a="1"/>
<Shininess>0.14999999999999999</Shininess>
</VisualProperties>
</Part>
<Part name="Moving_PlattformSimplyfied.ipt" uid="Moving_PlattformSimplyfied.ipt_{B4DD3D57-45B7-1296-75AE-AE8BF4BB7DEA}" version="{A19BB838-5781-5D8D-03E6-22FC3789AFA2}">
<PartFile name="Moving_PlattformSimplyfied.ipt" type="Inventor Part"/>
<MassProperties>
<Mass>0.076955949354686345</Mass>
<CenterOfMass>-0.00082120722657111063 0.60014415804666332 0.0006877819599490759</CenterOfMass>
<Inertia>0.67464303008365389 1.3282526263780332 0.67456135832145525 2.9355291821692288e-05 -0.00016580538112486511 -3.5141400649629109e-05</Inertia>
</MassProperties>
<GeometryFile name="Moving_PlattformSimplyfied_ipt_44fd1f32.STEP" type="STEP"/>
<VisualProperties>
<Ambient r="0.74901960784313726" g="0.74901960784313726" b="0.74901960784313726" a="1"/>
<Diffuse r="0.74901960784313726" g="0.74901960784313726" b="0.74901960784313726" a="1"/>
<Specular r="0" g="0" b="0" a="1"/>
<Emissive r="0" g="0" b="0" a="1"/>
<Shininess>0.14999999999999999</Shininess>
</VisualProperties>
</Part>
<Part name="SliderSimplyfied.ipt" uid="SliderSimplyfied.ipt_{AEC1E690-4B29-2011-05F8-1D814A4ED234}" version="{9C1945C3-E3E4-4A90-5649-3B5233169A96}">
<PartFile name="SliderSimplyfied.ipt" type="Inventor Part"/>
<MassProperties>
<Mass>0.16869537230501591</Mass>
<CenterOfMass>-8.69788819137941e-11 0.99382959509767432 0.86152536716702977</CenterOfMass>
<Inertia>1.7411396323430031 2.2431636789158955 1.0324393151658904 -0.23364882982696022 -1.1619873653604319e-06 -2.2346753186921411e-11</Inertia>
</MassProperties>
<GeometryFile name="SliderSimplyfied_ipt_1eaf237d.STEP" type="STEP"/>
<VisualProperties>
<Ambient r="0.74901960784313726" g="0.74901960784313726" b="0.74901960784313726" a="1"/>
<Diffuse r="0.74901960784313726" g="0.74901960784313726" b="0.74901960784313726" a="1"/>
<Specular r="0" g="0" b="0" a="1"/>
<Emissive r="0" g="0" b="0" a="1"/>
<Shininess>0.14999999999999999</Shininess>
</VisualProperties>
</Part>
</Parts>
</SimscapeMultibodyImportXML>
